0 1
0 999
1 630
2 3
3 257
3 4
4 97
5 284
5 6
6 339
7 761
7 487
8 143
9 294
10 11
11 443
12 13
12 726
13 554
13 749
14 223
14 15
15 16
16 17
17 721
17 18
18 716
19 20
19 439
20 877
20 21
20 87
21 640
22 260
23 217
23 661
24 608
24 816
25 30
25 159
26 554
26 95
27 289
27 28
28 29
29 30
31 673
32 33
32 684
33 34
34 35
35 580
35 469
35 158
36 37
36 309
37 434
37 219
38 182
39 568
39 270
40 156
40 951
41 42
42 99
43 752
43 980
43 206
44 45
44 343
45 324
45 46
46 698
46 414
46 653
47 467
47 845
48 872
49 255
50 717
51 194
51 52
51 630
52 53
53 54
54 55
55 56
56 57
57 257
57 780
58 944
58 59
59 613
60 386
60 492
61 708
61 789
61 359
62 323
62 374
63 64
63 545
64 65
65 66
66 629
67 155
67 68
68 388
68 69
69 968
69 998
70 97
70 743
71 72
71 414
72 73
73 644
73 934
74 913
74 214
75 248
75 659
75 76
75 271
76 152
77 78
77 863
78 395
78 119
79 355
80 81
80 629
81 82
82 761
83 868
84 85
85 852
85 380
86 819
86 87
88 657
89 488
90 431
91 357
92 93
93 515
93 334
93 415
94 105
94 113
94 95
96 101
96 854
98 99
99 100
99 615
100 558
100 198
101 120
102 103
103 389
104 232
105 295
106 181
106 535
107 820
108 492
109 277
109 302
110 145
110 111
111 112
112 276
113 403
114 729
115 116
116 164
117 665
118 119
119 509
120 589
121 532
122 635
122 190
123 993
123 939
124 125
125 126
126 821
127 128
127 663
128 129
128 879
129 266
130 620
131 132
132 133
133 358
134 135
135 136
135 147
136 517
137 890
138 139
139 337
140 915
140 141
141 829
141 142
142 143
143 144
143 538
144 145
145 595
146 587
148 435
149 530
149 903
150 471
151 152
152 667
153 200
153 180
154 155
154 662
154 703
155 266
156 829
157 850
159 160
160 161
160 495
160 358
161 162
161 765
162 192
162 163
163 268
164 912
164 165
164 789
165 537
165 166
166 992
167 459
168 169
168 243
169 425
169 170
170 171
171 968
172 958
173 962
173 565
173 174
173 447
174 567
174 390
174 175
175 322
175 667
175 989
176 740
177 178
178 179
178 340
178 667
179 180
182 348
183 469
184 185
185 186
186 187
187 188
188 189
189 689
189 190
190 729
190 695
190 191
191 475
192 392
193 784
195 196
196 576
196 986
197 198
198 860
198 938
198 199
199 200
200 201
201 202
202 660
203 204
203 293
203 797
204 205
205 797
207 979
208 209
209 210
210 843
211 681
212 434
212 213
213 214
214 215
215 353
216 909
218 219
219 347
219 428
220 767
221 942
221 222
222 223
223 970
223 971
224 808
224 426
224 590
225 226
226 227
226 926
227 792
227 228
228 229
229 768
229 230
230 517
230 231
231 232
231 336
231 422
232 233
233 923
233 436
234 594
235 236
236 237
237 238
238 720
238 802
239 240
239 426
240 241
240 525
241 603
242 243
244 885
245 631
246 421
247 248
248 902
249 250
250 516
251 252
251 783
252 253
253 254
254 278
255 686
256 257
258 259
258 470
258 847
259 260
260 261
261 262
262 263
263 264
264 760
264 265
265 323
267 471
268 633
269 936
269 756
272 298
273 807
274 609
274 275
274 548
275 276
276 643
276 277
276 326
278 279
279 368
280 716
280 573
281 282
282 461
283 429
284 611
285 392
286 652
286 367
287 288
287 452
288 289
288 412
290 291
291 401
291 292
292 627
292 293
294 515
296 297
296 727
297 811
298 299
299 838
300 562
300 301
301 615
302 303
303 304
304 425
305 306
306 581
307 308
308 309
310 311
311 312
312 463
313 314
314 315
315 316
316 559
317 879
318 541
319 320
319 864
320 321
320 841
321 322
323 733
325 834
326 815
327 328
328 329
329 780
330 331
331 947
331 699
332 920
332 505
332 333
333 334
334 955
335 336
337 338
338 417
339 913
341 830
341 342
342 580
344 459
344 380
345 964
346 347
348 805
349 444
349 350
350 351
351 352
352 353
353 354
354 355
355 553
355 746
356 568
356 881
356 582
357 578
357 685
359 871
360 482
361 945
361 573
362 363
363 364
364 982
365 965
365 366
366 367
367 979
368 369
369 596
370 371
370 507
371 375
372 616
373 473
375 376
376 377
377 378
377 740
378 650
379 977
381 969
381 382
382 383
383 683
384 385
385 386
386 963
387 388
389 996
390 840
391 574
392 607
393 477
394 395
396 397
397 666
398 399
399 400
400 401
400 870
402 467
404 511
405 406
406 468
406 407
407 409
408 409
409 641
409 937
409 628
409 955
410 724
410 799
411 865
411 940
413 414
415 416
416 417
417 418
418 419
419 420
420 421
421 422
423 424
424 425
424 675
426 889
426 477
427 737
427 987
429 430
429 799
430 560
430 536
431 742
432 433
432 844
433 434
434 777
435 708
437 839
438 439
440 441
441 442
442 488
442 443
443 444
443 855
445 827
446 447
448 960
449 749
450 451
451 452
451 478
452 533
453 521
453 454
454 515
454 823
455 456
455 666
456 457
457 974
458 574
460 719
461 462
462 463
463 464
464 465
465 865
466 467
470 693
471 911
471 947
472 473
473 474
474 475
475 476
476 477
479 480
480 481
480 805
481 482
482 483
482 709
483 484
484 826
485 486
486 520
486 506
487 576
487 723
489 490
490 491
491 492
492 691
493 957
494 648
494 660
494 990
496 497
497 498
497 741
498 499
499 760
500 501
501 502
502 503
503 504
504 505
504 669
506 653
508 568
508 778
509 958
509 510
510 696
510 552
511 706
511 517
512 513
513 514
514 515
515 534
516 559
518 744
519 520
521 874
522 523
523 524
523 781
524 525
526 527
527 528
528 554
529 530
531 594
531 755
531 748
532 706
532 593
535 743
535 788
535 603
538 821
539 820
539 540
540 541
541 542
542 980
543 544
544 545
544 991
546 547
547 736
547 548
549 707
549 622
550 551
551 552
552 923
553 702
555 556
556 557
557 925
557 558
559 560
560 561
561 996
562 586
563 564
564 565
565 972
566 567
569 755
570 900
570 661
571 572
572 573
574 575
575 576
576 909
577 578
577 861
579 580
580 581
581 582
583 584
584 694
585 586
587 588
588 589
588 606
589 682
589 590
590 717
591 592
592 600
594 945
596 597
597 598
598 654
599 600
600 721
601 602
602 603
604 605
605 606
608 664
610 611
612 613
613 614
614 615
616 617
617 624
618 619
619 636
619 620
620 621
621 964
623 624
623 671
624 625
625 638
626 627
630 994
631 632
632 633
633 634
634 842
634 999
637 779
637 964
638 934
639 778
640 904
640 641
642 643
642 964
643 652
644 982
644 977
645 646
646 880
646 932
646 908
647 648
647 712
647 832
648 729
649 650
650 651
651 984
654 655
655 817
656 657
657 658
658 999
664 665
664 680
665 666
668 669
670 671
672 673
673 674
674 964
676 677
677 678
677 887
678 941
679 680
681 682
683 684
684 774
685 772
685 686
686 687
687 688
687 787
688 689
689 716
690 691
691 701
692 693
694 695
695 749
696 989
697 917
700 701
701 790
701 702
704 705
705 706
707 708
710 711
711 712
711 800
713 782
714 715
715 716
718 719
719 720
722 723
725 726
728 753
730 870
731 933
732 733
733 734
734 834
735 736
738 828
739 740
739 773
741 814
742 743
744 745
745 746
745 930
746 747
747 748
749 763
750 859
751 752
753 754
754 755
756 828
757 758
758 759
759 760
761 762
762 763
764 765
766 767
767 768
769 770
770 771
771 831
775 776
776 777
778 779
782 783
784 785
785 786
786 787
786 895
787 884
788 789
791 792
793 818
794 795
795 796
796 797
798 799
801 802
802 803
803 937
804 805
806 807
807 808
807 911
809 810
810 811
811 812
812 813
813 896
817 818
818 819
822 823
824 825
825 879
826 827
827 960
831 832
833 904
834 835
834 988
835 936
835 931
836 837
837 838
838 888
838 903
838 901
839 840
843 844
845 846
846 847
848 849
849 972
850 851
851 852
852 853
853 854
856 857
857 858
858 859
859 860
862 863
866 867
867 868
868 869
869 870
872 873
872 948
873 874
875 876
876 877
878 879
882 883
883 884
885 957
886 887
890 891
891 892
892 893
893 894
894 895
896 897
897 898
897 956
898 899
899 900
900 901
901 902
905 906
906 907
907 908
908 909
910 911
914 968
916 917
917 918
918 930
919 968
921 922
922 923
924 925
927 928
928 929
929 930
931 932
933 934
934 935
935 936
940 941
941 942
943 944
946 947
949 950
950 951
952 953
953 954
954 955
957 958
959 960
960 961
960 984
961 962
966 967
967 968
973 974
974 975
975 976
976 977
978 979
980 981
981 982
983 984
985 986
987 988
992 993
993 994
995 996
996 997
997 998
998 999
